date,open,close,high,low,volume,amount
2022-01-04,3.32,3.35,3.4,3.32,225858.67,
2022-01-05,3.34,3.37,3.43,3.33,321008.92,
2022-01-06,3.33,3.38,3.42,3.33,225200.45,
2022-01-07,3.41,3.33,3.45,3.33,229773.41,
2022-01-10,3.29,3.34,3.38,3.29,148132.53,
2022-01-11,3.35,3.35,3.44,3.34,200714.66,
2022-01-12,3.38,3.35,3.39,3.33,138369.44,
2022-01-13,3.35,3.36,3.42,3.34,150588.0,
2022-01-14,3.39,3.24,3.39,3.24,218210.35,
2022-01-17,3.23,3.3,3.32,3.22,146157.59,
2022-01-18,3.3,3.21,3.36,3.2,187273.94,
2022-01-19,3.2,3.23,3.28,3.2,155234.49,
2022-01-20,3.27,3.15,3.27,3.14,146725.68,
2022-01-21,3.15,3.12,3.17,3.11,108556.38,
2022-01-24,3.11,3.08,3.13,3.06,98456.44,
2022-01-25,3.09,2.95,3.09,2.94,198200.0,
2022-01-26,2.98,2.98,3.01,2.94,132657.47,
2022-01-27,2.98,2.9,3.0,2.88,168768.18,
2022-01-28,2.92,2.97,2.99,2.89,119862.18,
2022-02-07,3.01,3.04,3.05,2.96,151804.18,
2022-02-08,3.04,3.13,3.14,3.01,200374.51,
2022-02-09,3.15,3.12,3.15,3.1,113277.68,
2022-02-10,3.11,3.11,3.12,3.08,100447.0,
2022-02-11,3.09,3.14,3.24,3.06,332583.01,
2022-02-14,3.09,3.11,3.14,3.06,209119.93,
2022-02-15,3.13,3.07,3.14,3.05,181592.0,
2022-02-16,3.09,3.14,3.15,3.08,218523.0,
2022-02-17,3.15,3.08,3.16,3.07,183845.0,
2022-02-18,3.06,3.12,3.13,3.06,123425.57,
2022-02-21,3.13,3.17,3.17,3.11,159432.32,
2022-02-22,3.17,3.12,3.17,3.09,133671.21,
2022-02-23,3.15,3.13,3.15,3.1,101011.78,
2022-02-24,3.11,3.04,3.12,2.97,244213.94,
2022-02-25,3.04,3.05,3.08,3.04,111996.4,
2022-02-28,3.06,3.08,3.08,3.01,116258.39,
2022-03-01,3.09,3.11,3.13,3.07,105736.7,
2022-03-02,3.1,3.15,3.17,3.08,154742.4,
2022-03-03,3.25,3.22,3.28,3.2,340872.76,
2022-03-04,3.3,3.23,3.31,3.2,220822.14,
2022-03-07,3.25,3.21,3.26,3.19,160853.92,
2022-03-08,3.2,3.09,3.22,3.09,132982.79,
2022-03-09,3.12,3.07,3.13,2.95,261516.67,
2022-03-10,3.12,3.16,3.37,3.1,649371.68,
2022-03-11,3.15,3.24,3.25,3.11,476203.3,
2022-03-14,3.21,3.2,3.3,3.19,288582.29,
2022-03-15,3.16,2.99,3.21,2.98,301491.0,
2022-03-16,3.04,3.09,3.1,2.95,261250.0,
2022-03-17,3.15,3.15,3.22,3.1,272941.52,
2022-03-18,3.15,3.24,3.24,3.14,247219.4,
2022-03-21,3.24,3.32,3.32,3.23,291652.2,
2022-03-22,3.34,3.31,3.36,3.28,246710.0,
2022-03-23,3.32,3.24,3.32,3.23,134299.32,
2022-03-24,3.24,3.24,3.27,3.2,190512.64,
2022-03-25,3.24,3.32,3.34,3.23,278241.32,
2022-03-28,3.29,3.29,3.33,3.24,161742.0,
2022-03-29,3.3,3.23,3.31,3.21,143135.65,
2022-03-30,3.25,3.26,3.27,3.21,138586.0,
2022-03-31,3.25,3.34,3.39,3.21,337763.01,
2022-04-01,3.32,3.38,3.4,3.3,222402.08,
2022-04-06,3.35,3.46,3.48,3.34,279648.61,
2022-04-07,3.46,3.34,3.47,3.33,199526.54,
2022-04-08,3.36,3.33,3.42,3.26,176554.0,
2022-04-11,3.37,3.47,3.67,3.37,741393.21,
2022-04-12,3.42,3.62,3.63,3.42,742286.43,
2022-04-13,3.66,3.52,3.7,3.51,645798.18,
2022-04-14,3.6,3.65,3.75,3.53,681360.72,
2022-04-15,3.62,3.47,3.65,3.43,585135.52,
2022-04-18,3.43,3.49,3.59,3.38,370368.17,
2022-04-19,3.46,3.47,3.5,3.4,289408.47,
2022-04-20,3.45,3.32,3.45,3.25,396451.31,
2022-04-21,3.32,3.11,3.33,3.09,334890.61,
2022-04-22,3.07,3.13,3.15,3.06,195756.8,
2022-04-25,3.13,3.02,3.24,2.98,395507.94,
2022-04-26,3.06,2.96,3.14,2.94,249159.97,
2022-04-27,2.91,2.97,2.97,2.8,257123.72,
2022-04-28,2.96,2.92,3.03,2.87,159391.75,
2022-04-29,2.95,3.1,3.13,2.94,302825.45,
2022-05-05,3.1,3.08,3.17,3.06,288287.69,
2022-05-06,3.0,2.92,3.03,2.92,262654.0,
2022-05-09,2.9,2.97,2.99,2.9,163086.73,
2022-05-10,2.93,2.99,2.99,2.89,218752.67,
2022-05-11,2.98,3.0,3.11,2.96,399529.83,
2022-05-12,2.96,3.0,3.0,2.93,246614.0,
2022-05-13,2.99,3.07,3.08,2.97,324700.24,
2022-05-16,3.1,3.16,3.18,3.06,347419.01,
2022-05-17,3.16,3.12,3.19,3.05,225184.0,
2022-05-18,3.14,3.1,3.15,3.1,176595.0,
2022-05-19,3.06,3.15,3.15,3.05,228413.59,
2022-05-20,3.15,3.15,3.17,3.13,206227.17,
2022-05-23,3.15,3.24,3.24,3.12,253569.91,
2022-05-24,3.22,3.28,3.39,3.22,510906.95,
2022-05-25,3.26,3.4,3.44,3.25,458635.4,
2022-05-26,3.42,3.49,3.51,3.38,406278.06,
2022-05-27,3.63,3.6,3.83,3.51,790417.56,
2022-05-30,3.61,3.44,3.7,3.38,596741.57,
2022-05-31,3.42,3.39,3.46,3.34,303124.01,
2022-06-01,3.4,3.73,3.73,3.38,232640.86,
2022-06-02,3.92,4.1,4.1,3.91,396829.88,
2022-06-06,4.51,3.88,4.51,3.79,1854485.92,
2022-06-07,3.7,3.68,3.83,3.61,1075425.3,
2022-06-08,3.64,3.57,3.68,3.49,729096.65,
2022-06-09,3.56,3.45,3.57,3.42,543667.17,
2022-06-10,3.41,3.46,3.48,3.41,453601.87,
2022-06-13,3.41,3.34,3.43,3.32,424796.01,
2022-06-14,3.33,3.37,3.39,3.29,347234.58,
2022-06-15,3.37,3.35,3.4,3.34,389287.39,
2022-06-16,3.33,3.3,3.36,3.26,401480.07,
2022-06-17,3.26,3.41,3.53,3.23,735975.12,
2022-06-20,3.36,3.41,3.46,3.33,492890.53,
2022-06-21,3.43,3.33,3.43,3.32,319365.65,
2022-06-22,3.33,3.26,3.35,3.26,215709.54,
2022-06-23,3.3,3.34,3.35,3.26,216241.64,
2022-06-24,3.38,3.49,3.56,3.37,662385.45,
2022-06-27,3.52,3.46,3.55,3.43,331493.08,
2022-06-28,3.46,3.52,3.53,3.43,271731.65,
2022-06-29,3.51,3.41,3.53,3.41,251751.0,
2022-06-30,3.43,3.45,3.49,3.4,224512.82,
2022-07-01,3.47,3.51,3.56,3.42,310491.29,
2022-07-04,3.64,3.56,3.71,3.54,363551.29,
2022-07-05,3.58,3.51,3.6,3.48,237519.32,
2022-07-06,3.53,3.47,3.53,3.43,217170.87,
2022-07-07,3.47,3.48,3.52,3.43,176961.22,
2022-07-08,3.48,3.64,3.65,3.46,511174.02,
2022-07-11,3.68,3.84,3.92,3.65,897905.59,
2022-07-12,3.78,3.94,4.03,3.75,811582.8,
2022-07-13,3.87,4.07,4.13,3.87,819029.56,
2022-07-14,4.23,3.75,4.28,3.73,1033086.43,
2022-07-15,3.77,4.13,4.13,3.76,934990.9,
2022-07-18,3.96,3.91,4.05,3.84,1156366.23,
2022-07-19,3.87,4.3,4.3,3.82,1100075.55,
2022-07-20,4.14,4.22,4.44,4.13,1216999.63,
2022-07-21,4.17,4.09,4.22,4.05,623517.02,
2022-07-22,4.09,4.26,4.26,4.07,774625.94,
2022-07-25,4.28,4.17,4.28,4.11,558244.0,
2022-07-26,4.11,4.04,4.16,3.96,495836.4,
2022-07-27,4.04,4.05,4.14,4.01,363991.74,
2022-07-28,4.08,3.99,4.19,3.98,439306.85,
2022-07-29,4.05,4.02,4.07,3.94,432408.43,
2022-08-01,4.02,4.05,4.18,4.01,438052.93,
2022-08-02,3.95,3.83,3.96,3.74,437050.92,
2022-08-03,3.88,3.8,4.08,3.78,381901.24,
2022-08-04,3.83,3.93,3.95,3.79,242672.22,
2022-08-05,3.94,3.87,3.97,3.83,204237.0,
2022-08-08,3.88,3.86,3.89,3.79,160251.78,
2022-08-09,3.86,3.86,3.95,3.85,230326.52,
2022-08-10,3.86,3.89,3.89,3.81,187518.75,
2022-08-11,3.94,4.01,4.07,3.94,365415.8,
2022-08-12,3.98,4.12,4.14,3.95,393383.55,
2022-08-15,4.11,4.17,4.18,4.06,317515.13,
2022-08-16,4.12,4.17,4.28,4.11,333732.04,
2022-08-17,4.17,4.11,4.18,4.09,309138.07,
2022-08-18,4.05,4.14,4.21,4.03,301913.93,
2022-08-19,4.14,4.01,4.17,4.01,309791.54,
2022-08-22,4.01,3.96,4.06,3.93,228642.68,
2022-08-23,3.96,3.95,3.98,3.92,152086.25,
2022-08-24,3.97,3.75,3.98,3.72,295980.04,
2022-08-25,3.77,3.7,3.78,3.65,208012.09,
2022-08-26,3.71,3.67,3.75,3.66,150608.3,
2022-08-29,3.61,3.75,3.77,3.59,190071.75,
2022-08-30,3.79,3.78,3.91,3.73,217724.0,
2022-08-31,3.76,3.67,3.78,3.65,169558.0,
2022-09-01,3.71,3.71,3.76,3.65,164258.74,
2022-09-02,3.73,3.78,3.78,3.71,152341.02,
2022-09-05,3.77,3.81,3.85,3.76,116677.57,
2022-09-06,3.82,3.86,3.88,3.8,140034.0,
2022-09-07,3.87,3.84,3.91,3.82,138227.61,
2022-09-08,3.85,3.75,3.87,3.75,119730.0,
2022-09-09,3.75,3.76,3.78,3.71,100270.0,
2022-09-13,3.77,3.74,3.8,3.71,98829.0,
2022-09-14,3.7,3.69,3.72,3.66,97539.0,
2022-09-15,3.73,3.61,3.73,3.55,138968.01,
2022-09-16,3.6,3.48,3.61,3.44,122302.0,
2022-09-19,3.54,3.51,3.55,3.44,107131.22,
2022-09-20,3.53,3.56,3.56,3.51,106298.0,
2022-09-21,3.56,3.65,3.68,3.51,141550.61,
2022-09-22,3.66,3.64,3.72,3.62,131936.05,
2022-09-23,3.64,3.64,3.74,3.57,166128.09,
2022-09-26,3.65,3.71,3.81,3.6,349565.43,
2022-09-27,3.68,4.08,4.08,3.58,717766.71,
2022-09-28,4.08,3.96,4.22,3.94,1113202.19,
2022-09-29,4.0,4.35,4.35,3.81,1897223.51,
2022-09-30,4.28,4.1,4.28,3.93,1463619.29,
2022-10-10,4.02,4.3,4.51,3.93,1796470.13,
2022-10-11,4.25,4.21,4.32,4.04,1000907.72,
2022-10-12,4.21,4.23,4.28,4.04,993691.75,
2022-10-13,4.15,4.43,4.65,4.12,1817156.34,
2022-10-14,4.2,4.28,4.44,4.17,1460572.63,
2022-10-17,4.38,4.51,4.66,4.32,1251296.49,
2022-10-18,4.41,4.28,4.43,4.28,881297.91,
2022-10-19,4.22,4.0,4.25,3.97,813509.96,
2022-10-20,3.93,3.85,4.0,3.81,613371.77,
2022-10-21,3.86,3.77,3.86,3.75,371772.22,
2022-10-24,3.79,3.83,3.84,3.75,358310.15,
2022-10-25,3.82,3.77,3.82,3.67,327758.4,
2022-10-26,3.78,3.99,4.15,3.75,835192.22,
2022-10-27,3.94,3.86,3.97,3.85,565257.0,
2022-10-28,3.84,3.86,4.03,3.82,501539.13,
2022-10-31,3.75,3.79,3.9,3.69,408520.73,
2022-11-01,3.76,3.86,3.87,3.75,321100.78,
2022-11-02,3.84,3.98,4.07,3.8,601066.24,
2022-11-03,3.94,3.95,4.03,3.91,423864.92,
2022-11-04,3.92,4.0,4.03,3.92,450610.56,
2022-11-07,4.0,4.08,4.11,3.98,373904.71,
2022-11-08,4.1,4.06,4.11,4.01,286743.12,
2022-11-09,4.06,4.04,4.09,4.01,300121.4,
2022-11-10,4.0,4.06,4.07,3.98,253660.0,
2022-11-11,4.13,4.12,4.22,4.08,502089.86,
2022-11-14,4.09,4.21,4.24,4.09,557159.11,
2022-11-15,4.18,4.21,4.24,4.13,380566.73,
2022-11-16,4.2,4.17,4.25,4.17,253349.05,
2022-11-17,4.14,4.18,4.2,4.13,222551.57,
2022-11-18,4.17,4.14,4.28,4.14,273038.63,
2022-11-21,4.21,4.09,4.22,4.07,227180.98,
2022-11-22,4.07,4.05,4.13,4.0,253269.91,
2022-11-23,4.05,4.0,4.07,3.96,162979.94,
2022-11-24,4.03,4.07,4.11,4.0,239889.01,
2022-11-25,4.06,4.06,4.09,4.02,138023.0,
2022-11-28,4.02,4.09,4.1,3.97,159592.0,
2022-11-29,4.12,4.16,4.17,4.11,195035.76,
2022-11-30,4.16,4.27,4.29,4.14,301489.44,
2022-12-01,4.28,4.29,4.36,4.28,253794.11,
2022-12-02,4.3,4.22,4.33,4.2,244792.34,
2022-12-05,4.28,4.23,4.29,4.22,196680.36,
2022-12-06,4.23,4.19,4.25,4.15,155038.0,
2022-12-07,4.17,4.14,4.18,4.11,140742.4,
2022-12-08,4.14,4.22,4.25,4.09,180400.84,
2022-12-09,4.22,4.35,4.36,4.21,336889.39,
2022-12-12,4.32,4.19,4.36,4.17,255490.0,
2022-12-13,4.19,4.22,4.25,4.16,143133.3,
2022-12-14,4.22,4.08,4.23,4.06,229877.32,
2022-12-15,4.1,4.11,4.14,4.04,196261.8,
2022-12-16,4.09,4.05,4.12,3.99,183348.96,
2022-12-19,4.11,3.94,4.11,3.89,163581.5,
2022-12-20,3.93,4.11,4.17,3.9,356132.32,
2022-12-21,4.11,3.99,4.14,3.97,203443.0,
2022-12-22,4.02,3.96,4.24,3.91,316242.0,
2022-12-23,3.95,3.96,4.08,3.83,407921.88,
2022-12-26,4.0,4.11,4.17,3.93,588222.81,
2022-12-27,4.06,3.98,4.09,3.92,378810.0,
2022-12-28,3.97,4.07,4.17,3.89,611669.32,
2022-12-29,3.99,3.82,4.0,3.82,641612.57,
2022-12-30,3.83,3.85,3.86,3.77,265755.32,
2023-01-03,3.85,3.9,3.91,3.83,220077.51,
2023-01-04,3.93,4.01,4.07,3.9,422554.93,
2023-01-05,4.06,4.0,4.07,3.97,247598.2,
2023-01-06,4.02,3.94,4.03,3.93,181757.0,
2023-01-09,3.95,3.99,4.05,3.92,242427.0,
2023-01-10,3.96,3.97,4.05,3.9,317221.32,
2023-01-11,3.97,4.07,4.15,3.96,460223.02,
2023-01-12,4.07,4.09,4.15,4.03,222976.57,
2023-01-13,4.08,4.18,4.2,4.07,305102.36,
2023-01-16,4.17,4.14,4.18,4.08,271928.17,
2023-01-17,4.17,4.17,4.19,4.12,195425.97,
2023-01-18,4.23,4.26,4.31,4.2,347762.4,
2023-01-19,4.29,4.17,4.29,4.15,216638.0,
2023-01-20,4.18,4.19,4.23,4.17,180895.0,
2023-01-30,4.23,4.26,4.31,4.22,214152.49,
2023-01-31,4.24,4.33,4.35,4.24,226923.23,
2023-02-01,4.32,4.35,4.36,4.27,218384.0,
2023-02-02,4.35,4.42,4.49,4.33,327404.2,
2023-02-03,4.4,4.47,4.49,4.39,239524.19,
2023-02-06,4.44,4.49,4.51,4.42,205801.38,
2023-02-07,4.48,4.55,4.59,4.46,218964.06,
2023-02-08,4.58,4.47,4.58,4.45,207310.51,
2023-02-09,4.47,4.54,4.56,4.45,224107.68,
2023-02-10,4.57,4.48,4.57,4.47,212326.0,
2023-02-13,4.48,4.46,4.49,4.4,185358.0,
2023-02-14,4.48,4.5,4.52,4.44,160234.67,
2023-02-15,4.49,4.51,4.55,4.47,123315.28,
2023-02-16,4.52,4.41,4.54,4.39,158435.64,
2023-02-17,4.43,4.46,4.52,4.41,154765.24,
2023-02-20,4.47,4.7,4.7,4.46,304499.67,
2023-02-21,4.7,4.74,4.74,4.65,183245.71,
2023-02-22,4.7,4.76,4.77,4.68,133542.8,
2023-02-23,4.77,4.75,4.81,4.71,121397.42,
2023-02-24,4.75,4.7,4.78,4.66,133219.4,
2023-02-27,4.7,4.74,4.83,4.66,158109.92,
2023-02-28,4.75,4.78,4.79,4.7,123811.64,
2023-03-01,4.78,4.77,4.81,4.72,109819.3,
2023-03-02,4.77,4.73,4.8,4.71,87869.01,
2023-03-03,4.71,4.73,4.76,4.7,96280.28,
2023-03-06,4.74,4.72,4.8,4.7,117260.0,
2023-03-07,4.75,4.66,4.78,4.66,103240.71,
2023-03-08,4.66,4.68,4.7,4.63,97958.56,
2023-03-09,4.68,4.65,4.71,4.6,84600.51,
2023-03-10,4.68,4.49,4.68,4.49,118800.0,
2023-03-13,4.49,4.52,4.55,4.46,98119.0,
2023-03-14,4.51,4.39,4.51,4.33,117433.99,
2023-03-15,4.41,4.49,4.52,4.41,100750.2,
2023-03-16,4.49,4.4,4.52,4.39,102612.0,
2023-03-17,4.44,4.41,4.49,4.39,122898.0,
2023-03-20,4.43,4.43,4.49,4.39,124937.01,
2023-03-21,4.46,4.5,4.5,4.42,74821.81,
2023-03-22,4.49,4.54,4.55,4.49,87120.09,
2023-03-23,4.51,4.53,4.59,4.49,86105.09,
2023-03-24,4.56,4.62,4.69,4.5,125528.66,
2023-03-27,4.69,4.67,4.74,4.63,139957.85,
2023-03-28,4.69,4.74,4.8,4.62,146573.75,
2023-03-29,4.75,4.73,4.92,4.7,169255.0,
2023-03-30,4.72,4.72,4.76,4.64,144721.62,
2023-03-31,4.75,4.95,4.98,4.73,281989.77,
2023-04-03,4.95,5.28,5.32,4.92,367506.93,
2023-04-04,5.27,5.13,5.3,5.1,232334.91,
2023-04-06,5.11,5.04,5.14,5.04,175335.36,
2023-04-07,5.05,4.98,5.08,4.96,150610.09,
2023-04-10,4.95,4.79,4.97,4.73,285611.48,
2023-04-11,4.81,4.91,4.91,4.78,181112.0,
2023-04-12,4.9,4.87,4.92,4.82,111812.21,
2023-04-13,4.86,4.82,4.91,4.8,96450.07,
2023-04-14,4.82,4.81,4.85,4.77,99022.0,
2023-04-17,5.29,5.29,5.29,5.13,943233.69,
2023-04-18,5.2,5.71,5.79,5.11,1645200.12,
2023-04-19,5.59,5.94,6.05,5.55,1275133.01,
2023-04-20,5.99,6.51,6.53,5.8,1390523.6,
2023-04-21,6.43,6.31,6.66,6.26,852532.95,
2023-04-24,6.48,6.47,6.64,6.37,698141.45,
2023-04-25,6.47,7.12,7.12,6.25,974042.87,
2023-04-26,7.13,7.02,7.33,6.75,1057064.21,
2023-04-27,6.7,6.54,6.8,6.43,839493.78,
2023-04-28,6.45,6.59,6.66,6.39,537907.2,
2023-05-04,6.67,6.97,7.01,6.61,794925.92,
2023-05-05,6.86,6.72,6.97,6.52,574486.35,
2023-05-08,6.71,6.61,6.8,6.54,436636.96,
2023-05-09,6.55,6.67,6.9,6.5,439036.07,
2023-05-10,6.62,6.7,6.8,6.53,310708.16,
2023-05-11,6.66,6.52,6.66,6.46,248259.14,
2023-05-12,6.47,6.52,6.71,6.4,226961.51,
2023-05-15,6.53,6.46,6.57,6.31,219161.33,
2023-05-16,6.44,6.31,6.57,6.3,157199.27,
2023-05-17,6.29,6.31,6.36,6.27,131926.48,
2023-05-18,6.3,6.42,6.5,6.26,193530.89,
2023-05-19,6.42,6.67,7.02,6.39,429181.87,
2023-05-22,6.66,6.68,6.78,6.48,250924.02,
2023-05-23,6.67,6.63,6.78,6.6,171938.11,
2023-05-24,6.55,6.52,6.69,6.42,161888.39,
2023-05-25,6.44,6.46,6.56,6.38,136979.86,
2023-05-26,6.49,6.54,6.57,6.36,130966.55,
2023-05-29,6.59,6.7,6.88,6.55,266312.99,
2023-05-30,6.75,6.71,6.76,6.55,169034.84,
2023-05-31,6.73,6.7,6.87,6.61,254343.69,
2023-06-01,6.67,6.64,6.81,6.6,141132.38,
2023-06-02,6.62,6.81,6.82,6.62,217663.19,
2023-06-05,6.81,6.84,6.93,6.7,261059.31,
2023-06-06,6.85,6.71,6.9,6.7,183684.68,
2023-06-07,6.72,6.62,6.79,6.58,142956.6,
2023-06-08,6.6,6.69,6.77,6.53,139097.31,
2023-06-09,6.75,6.71,6.99,6.63,247569.08,
2023-06-12,6.74,6.98,7.08,6.64,271980.99,
2023-06-13,6.98,6.48,7.03,6.28,617775.33,
2023-06-14,6.45,6.61,6.66,6.28,309635.34,
2023-06-15,6.6,6.77,6.98,6.58,304024.45,
2023-06-16,6.75,6.69,6.82,6.57,192451.75,
2023-06-19,6.69,6.57,6.71,6.5,227932.44,
2023-06-20,6.59,6.75,7.06,6.57,387665.0,
2023-06-21,6.72,6.6,6.86,6.58,192208.08,
2023-06-26,6.54,6.48,6.83,6.47,182622.44,
2023-06-27,6.47,6.86,6.92,6.47,346453.03,
2023-06-28,6.89,6.93,6.94,6.52,272988.45,
2023-06-29,6.89,7.0,7.06,6.75,268398.19,
2023-06-30,7.18,7.07,7.62,6.91,620542.74,
2023-07-03,7.12,7.1,7.16,6.87,362145.94,
2023-07-04,7.04,7.01,7.25,6.93,249742.0,
2023-07-05,6.99,6.99,7.16,6.89,198389.39,
2023-07-06,6.93,6.93,7.1,6.86,176514.32,
2023-07-07,6.93,6.82,6.94,6.74,146330.54,
2023-07-10,6.9,6.74,6.99,6.7,223243.1,
2023-07-11,6.77,6.78,6.84,6.7,126861.8,
2023-07-12,6.79,6.58,6.82,6.56,167756.35,
2023-07-13,6.59,6.52,6.64,6.47,183340.48,
2023-07-14,6.51,6.18,6.57,6.16,382188.34,
2023-07-17,6.74,6.49,6.8,6.41,1064029.14,
2023-07-18,6.54,6.7,6.88,6.37,732545.33,
2023-07-19,6.7,6.7,6.82,6.63,277047.41,
2023-07-20,6.74,6.58,6.92,6.57,302333.0,
2023-07-21,6.57,6.49,6.65,6.45,237519.44,
2023-07-24,6.45,6.33,6.49,6.29,282649.97,
2023-07-25,6.37,6.42,6.45,6.33,265534.0,
2023-07-26,6.4,6.3,6.42,6.28,181731.52,
2023-07-27,6.3,6.11,6.33,6.08,203936.15,
2023-07-28,6.1,6.13,6.21,6.05,214679.28,
2023-07-31,6.15,6.06,6.17,5.99,321097.0,
2023-08-01,6.06,6.09,6.13,5.99,258468.91,
2023-08-02,6.1,6.07,6.15,5.99,209383.97,
2023-08-03,6.04,6.09,6.15,6.03,165964.0,
2023-08-04,6.08,6.11,6.19,6.06,172003.0,
2023-08-07,6.11,6.13,6.18,6.08,168413.0,
2023-08-08,6.12,6.12,6.21,6.05,210195.01,
2023-08-09,6.09,5.98,6.1,5.97,182656.0,
2023-08-10,5.98,5.91,5.99,5.89,193255.15,
2023-08-11,5.94,5.71,5.94,5.7,266356.35,
2023-08-14,5.66,5.78,5.81,5.6,223461.19,
2023-08-15,5.8,5.79,5.86,5.71,202118.11,
2023-08-16,5.8,5.76,5.82,5.73,109533.0,
2023-08-17,5.75,6.01,6.04,5.72,305555.28,
2023-08-18,5.92,5.63,5.96,5.61,673288.14,
2023-08-21,5.67,5.65,5.78,5.63,356613.79,
2023-08-22,5.68,5.68,5.69,5.55,238829.0,
2023-08-23,5.66,5.53,5.67,5.52,194766.96,
2023-08-24,5.55,5.59,5.64,5.54,176463.5,
2023-08-25,5.59,5.46,5.59,5.44,193928.0,
2023-08-28,5.69,5.53,5.71,5.49,263026.91,
2023-08-29,5.5,5.64,5.65,5.42,205420.88,
2023-08-30,5.65,5.7,5.78,5.62,189240.97,
2023-08-31,5.71,5.61,5.79,5.59,168724.58,
2023-09-01,5.63,5.7,5.74,5.61,233233.01,
2023-09-04,5.71,5.82,5.82,5.7,234625.0,
2023-09-05,5.78,5.77,5.86,5.74,146868.52,
2023-09-06,5.81,5.72,5.81,5.7,109258.86,
2023-09-07,5.72,5.59,5.72,5.57,169713.37,
2023-09-08,5.59,5.57,5.6,5.51,106630.84,
2023-09-11,5.58,5.7,5.71,5.53,149453.75,
2023-09-12,5.69,5.72,5.75,5.63,131670.54,
2023-09-13,5.69,5.67,5.76,5.61,124295.43,
2023-09-14,5.65,5.62,5.66,5.59,104787.62,
2023-09-15,5.65,5.6,5.67,5.58,92939.58,
2023-09-18,5.6,5.64,5.68,5.53,136236.0,
2023-09-19,5.64,5.56,5.64,5.53,100136.73,
2023-09-20,5.55,5.58,5.65,5.55,117343.66,
2023-09-21,5.59,5.52,5.59,5.49,104296.53,
2023-09-22,5.55,5.65,5.66,5.49,148352.07,
2023-09-25,5.65,5.61,5.65,5.55,151604.12,
2023-09-26,5.61,5.55,5.61,5.54,145244.73,
2023-09-27,5.59,5.66,5.7,5.53,178443.33,
2023-09-28,5.65,5.7,5.73,5.63,169014.2,
2023-10-09,5.71,5.72,5.76,5.67,194499.2,
2023-10-10,5.73,5.46,5.73,5.38,346832.5,
2023-10-11,5.46,5.37,5.56,5.35,190647.14,
2023-10-12,5.4,5.59,5.61,5.36,256746.31,
2023-10-13,5.55,5.42,5.56,5.36,215142.82,
2023-10-16,5.23,5.37,5.42,5.13,260510.21,
2023-10-17,5.42,5.48,5.5,5.31,264704.89,
2023-10-18,5.47,5.43,5.48,5.36,168761.74,
2023-10-19,5.38,5.44,5.56,5.35,218876.36,
2023-10-20,5.41,5.32,5.44,5.27,186675.56,
2023-10-23,5.28,5.17,5.34,5.13,178279.14,
2023-10-24,5.24,5.24,5.33,5.13,223124.34,
2023-10-25,5.32,5.37,5.41,5.28,185567.21,
2023-10-26,5.35,5.45,5.46,5.26,189378.38,
2023-10-27,5.44,5.55,5.59,5.4,164888.32,
2023-10-30,5.51,5.49,5.57,5.42,193173.95,
2023-10-31,5.48,5.44,5.53,5.37,166098.0,
2023-11-01,5.43,5.46,5.53,5.42,187627.98,
2023-11-02,5.45,5.41,5.49,5.36,135315.0,
2023-11-03,5.41,5.49,5.56,5.4,135910.41,
2023-11-06,5.5,5.6,5.62,5.48,195132.26,
2023-11-07,5.61,5.66,5.7,5.58,161444.08,
2023-11-08,5.65,5.71,5.73,5.6,164392.96,
2023-11-09,5.7,5.66,5.71,5.63,112379.0,
2023-11-10,5.68,5.68,5.71,5.61,84953.31,
2023-11-13,5.71,5.6,5.72,5.55,171807.0,
2023-11-14,5.59,5.56,5.6,5.54,164063.87,
2023-11-15,5.59,5.87,6.11,5.58,689150.11,
2023-11-16,5.77,5.79,5.87,5.68,507799.0,
2023-11-17,5.82,5.85,5.93,5.76,348862.49,
2023-11-20,5.84,5.92,5.96,5.81,301461.87,
2023-11-21,5.9,5.83,5.92,5.81,237205.71,
2023-11-22,5.83,5.75,5.83,5.72,163083.22,
2023-11-23,5.76,5.81,5.81,5.72,106293.62,
2023-11-24,5.78,5.75,5.82,5.71,121776.6,
2023-11-27,5.77,5.71,5.8,5.68,125957.36,
2023-11-28,5.7,5.7,5.72,5.65,106246.35,
2023-11-29,5.7,5.66,5.73,5.64,105198.25,
2023-11-30,5.65,5.62,5.67,5.59,88248.0,
2023-12-01,5.61,5.65,5.71,5.59,112810.51,
2023-12-04,5.66,5.62,5.69,5.61,104445.34,
2023-12-05,5.64,5.54,5.66,5.54,112373.0,
2023-12-06,5.51,5.53,5.55,5.49,125755.54,
2023-12-07,5.53,5.49,5.55,5.47,95323.82,
2023-12-08,5.51,5.42,5.54,5.41,111992.0,
2023-12-11,5.42,5.44,5.47,5.35,91924.36,
2023-12-12,5.46,5.47,5.48,5.4,85845.0,
2023-12-13,5.47,5.4,5.47,5.39,71998.29,
2023-12-14,5.42,5.37,5.46,5.35,99979.0,
2023-12-15,5.39,5.33,5.42,5.31,105699.05,
2023-12-18,5.35,5.27,5.35,5.23,146572.26,
2023-12-19,5.25,5.23,5.26,5.19,103661.0,
2023-12-20,5.24,5.17,5.26,5.17,120013.98,
2023-12-21,5.18,5.23,5.23,5.12,101056.56,
2023-12-22,5.23,5.23,5.3,5.18,166541.75,
2023-12-25,5.22,5.13,5.23,5.1,125078.0,
2023-12-26,5.13,5.05,5.14,5.04,89974.0,
2023-12-27,5.07,5.12,5.13,5.05,70559.0,
2023-12-28,5.1,5.16,5.18,5.07,226416.23,
2023-12-29,5.15,5.21,5.21,5.13,118149.31,
2024-01-02,5.21,5.35,5.41,5.2,188124.05,
2024-01-03,5.35,5.37,5.39,5.31,130006.32,
2024-01-04,5.38,5.49,5.5,5.36,157018.08,
2024-01-05,5.47,5.58,5.65,5.45,302085.14,
2024-01-08,5.55,5.7,5.87,5.55,478447.6,
2024-01-09,5.67,5.88,5.94,5.63,532669.18,
2024-01-10,5.85,5.8,5.92,5.73,274259.75,
2024-01-11,5.81,5.99,6.1,5.78,401798.61,
2024-01-12,5.99,5.87,6.0,5.85,205501.87,
2024-01-15,5.83,5.99,6.0,5.79,238686.34,
2024-01-16,5.97,6.03,6.03,5.91,216626.26,
2024-01-17,5.99,6.19,6.33,5.98,422268.59,
2024-01-18,6.15,6.24,6.27,5.99,291012.55,
2024-01-19,6.2,6.35,6.47,6.16,374428.32,
2024-01-22,6.32,6.07,6.4,5.98,360415.96,
2024-01-23,6.07,6.05,6.1,5.92,316489.32,
2024-01-24,6.04,6.38,6.41,6.02,369232.73,
2024-01-25,6.69,7.02,7.02,6.63,479243.67,
2024-01-26,7.04,7.05,7.31,6.94,560387.66,
2024-01-29,6.9,7.23,7.37,6.88,448112.0,
2024-01-30,7.12,7.1,7.32,6.95,265384.2,
2024-01-31,7.1,6.83,7.16,6.76,321305.26,
2024-02-01,6.82,6.81,6.97,6.7,232018.33,
2024-02-02,6.71,6.49,6.85,6.2,405248.51,
2024-02-05,6.48,6.42,6.63,6.16,336093.88,
2024-02-06,6.28,6.78,7.06,6.04,406699.97,
2024-02-07,6.76,7.05,7.31,6.75,339356.93,
2024-02-08,7.01,7.59,7.73,6.78,387602.01,
2024-02-19,7.63,7.5,7.63,7.32,248092.33,
2024-02-20,7.48,8.12,8.12,7.35,341209.15,
2024-02-21,7.93,7.92,8.29,7.7,333131.86,
2024-02-22,7.86,7.91,7.94,7.77,242950.31,
2024-02-23,7.91,7.8,7.94,7.6,237510.2,
2024-02-26,7.86,7.8,8.35,7.75,407260.52,
2024-02-27,7.8,7.98,8.1,7.72,384866.25,
2024-02-28,7.92,7.7,8.32,7.7,296994.0,
2024-02-29,7.66,7.82,7.87,7.59,226354.99,
2024-03-01,7.88,8.16,8.19,7.85,262846.8,
2024-03-04,8.27,8.74,8.75,8.26,362284.35,
2024-03-05,8.64,8.42,8.64,8.21,251979.19,
2024-03-06,8.38,8.35,8.5,8.25,192972.25,
2024-03-07,8.36,8.46,8.64,8.31,224059.05,
2024-03-08,8.38,8.44,8.47,8.3,181069.29,
2024-03-11,8.39,8.47,8.54,8.35,176882.51,
2024-03-12,8.44,8.1,8.49,8.05,228848.45,
2024-03-13,8.1,8.19,8.24,8.09,143389.99,
2024-03-14,8.2,8.26,8.28,8.12,137455.85,
2024-03-15,8.26,8.24,8.29,8.04,155906.88,
2024-03-18,8.19,8.17,8.34,8.05,214289.64,
2024-03-19,8.13,8.0,8.16,7.96,169151.15,
2024-03-20,7.97,7.92,8.06,7.86,163017.94,
2024-03-21,7.92,7.8,7.98,7.77,134195.28,
2024-03-22,7.8,8.09,8.17,7.78,252118.38,
2024-03-25,8.01,8.07,8.38,7.98,222017.4,
2024-03-26,8.03,7.81,8.07,7.7,223010.02,
2024-03-27,7.81,8.09,8.3,7.77,294592.75,
2024-03-28,8.05,8.42,8.54,8.05,327867.82,
2024-03-29,8.42,8.59,8.64,8.11,276618.84,
2024-04-01,8.49,8.53,8.66,8.29,304605.29,
2024-04-02,8.52,8.63,8.84,8.43,269386.74,
2024-04-03,8.56,8.41,8.73,8.3,267649.13,
2024-04-08,8.36,7.78,8.4,7.56,467886.2,
2024-04-09,7.71,7.73,7.81,7.51,332415.16,
2024-04-10,7.71,7.64,7.8,7.56,202858.0,
2024-04-11,7.64,7.96,8.12,7.57,282374.49,
2024-04-12,8.15,8.27,8.39,8.01,263625.55,
2024-04-15,8.3,8.54,8.63,8.0,343760.92,
2024-04-16,8.42,8.48,8.69,8.27,315634.93,
2024-04-17,8.57,9.11,9.15,8.37,370975.93,
2024-04-18,9.09,9.2,9.35,8.96,339338.84,
2024-04-19,9.03,9.28,9.4,9.02,250203.7,
2024-04-22,9.06,8.97,9.53,8.64,368234.0,
2024-04-23,8.96,8.52,9.01,8.39,272735.08,
2024-04-24,8.49,8.68,8.72,8.43,178885.86,
2024-04-25,8.65,8.65,8.95,8.6,130950.15,
2024-04-26,8.65,8.74,8.87,8.51,164617.76,
2024-04-29,8.65,8.63,8.74,8.5,152801.0,
2024-04-30,8.61,9.49,9.49,8.6,246421.6,
2024-05-06,9.52,10.0,10.43,9.41,511114.44,
2024-05-07,9.77,9.65,9.86,9.55,292086.84,
2024-05-08,9.52,9.55,9.76,9.51,170012.72,
2024-05-09,9.54,9.91,10.15,9.52,246194.43,
2024-05-10,9.81,10.45,10.82,9.8,360236.0,
2024-05-13,10.36,11.28,11.49,10.09,321645.39,
2024-05-14,11.09,11.12,11.37,10.77,250360.94,
2024-05-15,10.94,11.33,11.69,10.91,250488.33,
2024-05-16,11.34,10.73,11.35,10.51,325871.87,
2024-05-17,10.58,10.48,10.73,10.26,247426.06,
2024-05-20,10.36,10.28,10.43,10.17,258341.36,
2024-05-21,10.33,10.33,10.44,10.13,235617.8,
2024-05-22,10.21,9.81,10.26,9.73,357435.87,
2024-05-23,9.74,9.79,9.92,9.69,189605.99,
2024-05-24,9.73,9.72,9.97,9.71,206150.24,
2024-05-27,9.76,10.06,10.17,9.72,355510.54,
2024-05-28,9.97,9.29,10.02,9.23,484404.7,
2024-05-29,9.23,9.14,9.34,9.05,343536.55,
2024-05-30,9.07,8.99,9.17,8.93,212915.16,
2024-05-31,9.03,8.76,9.07,8.61,370121.44,
2024-06-03,8.69,8.81,9.0,8.64,295051.4,
2024-06-04,8.8,8.56,8.8,8.46,346241.69,
2024-06-05,8.6,8.23,8.65,8.2,396763.14,
2024-06-06,8.22,8.23,8.37,8.06,348620.17,
2024-06-07,8.21,8.14,8.28,8.0,294333.96,
2024-06-11,8.12,8.08,8.17,7.99,212312.0,
2024-06-12,8.07,8.19,8.24,7.97,378339.7,
2024-06-13,8.19,8.12,8.32,8.05,300262.96,
2024-06-14,8.1,8.27,8.32,8.04,299684.64,
2024-06-17,8.2,8.36,8.43,8.1,358889.81,
2024-06-18,8.35,8.29,8.37,8.13,342989.16,
2024-06-19,8.26,7.92,8.29,7.89,380893.02,
2024-06-20,7.92,7.71,7.94,7.67,298398.47,
2024-06-21,7.67,7.71,7.8,7.62,163513.55,
2024-06-24,7.63,7.49,7.67,7.37,269775.38,
2024-06-25,7.47,7.64,7.75,7.47,271012.78,
2024-06-26,7.65,7.64,7.7,7.43,255113.4,
2024-06-27,7.61,7.27,7.62,7.23,293450.18,
2024-06-28,7.25,7.26,7.42,7.21,211494.87,
2024-07-01,7.28,7.41,7.41,7.26,160755.56,
2024-07-02,7.37,7.23,7.4,7.14,194989.64,
2024-07-03,7.24,7.08,7.26,7.06,135725.64,
2024-07-04,7.08,7.02,7.18,6.99,126194.45,
2024-07-05,6.98,7.07,7.07,6.89,157129.34,
2024-07-08,7.03,6.82,7.03,6.78,135747.76,
2024-07-09,6.8,6.88,6.89,6.7,193941.72,
2024-07-10,6.92,6.81,6.97,6.79,161593.19,
2024-07-11,6.9,7.15,7.17,6.82,319631.7,
2024-07-12,7.13,7.3,7.39,7.09,394328.46,
2024-07-15,7.25,7.12,7.29,7.04,251744.44,
2024-07-16,7.11,7.44,7.48,7.11,359266.4,
2024-07-17,7.43,7.21,7.43,7.13,259062.36,
2024-07-18,7.1,7.16,7.16,6.92,170152.8,
2024-07-19,7.1,6.94,7.11,6.94,167033.36,
2024-07-22,7.03,6.96,7.15,6.95,159444.31,
2024-07-23,6.96,6.69,7.06,6.67,239345.53,
2024-07-24,6.66,6.58,6.75,6.51,158080.93,
2024-07-25,6.56,6.55,6.61,6.47,150439.68,
2024-07-26,7.11,7.2,7.2,7.11,178503.4,
2024-07-29,7.33,7.45,7.54,7.24,816462.29,
2024-07-30,7.37,7.18,7.43,7.06,432235.63,
2024-07-31,7.15,7.9,7.9,7.13,791605.76,
2024-08-01,7.82,7.96,8.28,7.77,736752.71,
2024-08-02,7.96,7.82,8.15,7.79,440772.44,
2024-08-05,7.81,7.83,8.11,7.77,508563.09,
2024-08-06,7.9,8.06,8.29,7.84,473278.45,
2024-08-07,7.93,7.65,7.94,7.62,527048.54,
2024-08-08,7.57,7.73,7.86,7.56,354611.81,
2024-08-09,7.72,7.74,8.03,7.71,336369.8,
2024-08-12,7.66,7.78,7.92,7.64,273655.83,
2024-08-13,7.82,7.58,7.82,7.46,288262.31,
2024-08-14,7.58,7.46,7.6,7.46,150037.5,
2024-08-15,7.43,7.48,7.54,7.26,223549.78,
2024-08-16,7.46,7.66,7.71,7.37,303440.15,
2024-08-19,7.37,7.24,7.45,7.15,472172.01,
2024-08-20,7.27,7.03,7.3,6.95,305698.29,
2024-08-21,7.05,6.92,7.07,6.8,254433.1,
2024-08-22,6.96,7.12,7.17,6.79,330783.69,
2024-08-23,7.04,7.83,7.83,7.01,527501.73,
2024-08-26,8.04,7.97,8.04,7.63,643904.71,
2024-08-27,7.93,7.86,7.99,7.82,355137.99,
2024-08-28,7.81,7.67,7.91,7.55,279162.31,
2024-08-29,7.66,7.63,7.73,7.49,271747.18,
2024-08-30,7.59,8.05,8.2,7.51,628172.42,
2024-09-02,7.95,8.05,8.42,7.93,508459.13,
2024-09-03,8.06,8.35,8.52,8.06,460880.0,
2024-09-04,8.31,8.25,8.6,8.19,458327.64,
2024-09-05,8.27,8.28,8.37,8.19,263255.36,
2024-09-06,8.27,8.14,8.42,8.12,236791.25,
2024-09-09,8.09,8.02,8.16,7.93,195309.65,
2024-09-10,8.05,8.15,8.18,7.97,199163.18,
2024-09-11,8.08,8.47,8.63,8.04,386608.08,
2024-09-12,8.46,8.42,8.74,8.34,246650.76,
2024-09-13,8.39,8.19,8.58,8.18,261432.83,
2024-09-18,8.16,8.88,8.95,8.16,468081.28,
2024-09-19,8.8,9.14,9.26,8.75,505161.61,
2024-09-20,9.04,9.21,9.24,8.99,279993.7,
2024-09-23,9.22,8.98,9.48,8.92,358793.1,
2024-09-24,8.98,9.09,9.09,8.66,449080.48,
2024-09-25,9.08,8.93,9.45,8.9,554769.07,
2024-09-26,8.87,9.43,9.44,8.83,489789.69,
2024-09-27,9.43,9.67,9.89,9.26,582437.07,
2024-09-30,9.86,10.43,10.54,9.57,671449.09,
2024-10-08,11.47,10.64,11.47,9.93,894624.16,
2024-10-09,10.22,9.58,10.22,9.58,532585.04,
2024-10-10,9.24,9.19,9.42,8.69,777267.64,
2024-10-11,9.04,8.71,9.04,8.6,512062.4,
2024-10-14,8.7,9.01,9.05,8.51,508913.45,
2024-10-15,8.85,8.6,8.92,8.58,440391.31,
2024-10-16,8.44,8.63,8.75,8.4,329551.25,
2024-10-17,8.66,8.72,8.96,8.66,374898.48,
2024-10-18,8.69,9.07,9.32,8.66,683239.47,
2024-10-21,9.17,8.84,9.23,8.68,692848.07,
2024-10-22,8.85,9.27,9.33,8.8,832338.93,
2024-10-23,8.89,8.71,8.89,8.37,891613.63,
2024-10-24,8.63,8.55,8.7,8.49,404301.11,
2024-10-25,8.52,8.57,8.69,8.52,353469.21,
2024-10-28,8.58,8.8,8.88,8.51,524900.25,
2024-10-29,8.79,8.54,8.89,8.52,473730.06,
2024-10-30,8.48,8.37,8.66,8.29,430782.91,
2024-10-31,8.31,8.47,8.49,8.04,500365.4,
2024-11-01,8.43,8.15,8.51,8.14,456151.55,
2024-11-04,8.15,8.22,8.33,8.14,289331.41,
2024-11-05,8.23,8.37,8.45,8.16,420772.81,
2024-11-06,8.39,8.29,8.57,8.24,376702.15,
2024-11-07,8.16,8.57,8.57,8.13,519883.67,
2024-11-08,8.69,9.04,9.14,8.41,960231.29,
2024-11-11,9.04,9.06,9.15,8.85,657483.86,
2024-11-12,9.06,8.9,9.26,8.81,630429.13,
2024-11-13,8.8,8.75,8.9,8.57,359773.77,
2024-11-14,8.73,8.46,8.82,8.43,293842.8,
2024-11-15,8.42,8.28,8.64,8.25,264188.67,
2024-11-18,8.3,8.04,8.32,7.95,304580.12,
2024-11-19,8.04,8.25,8.27,8.04,232552.66,
2024-11-20,8.25,8.28,8.3,8.15,196211.09,
2024-11-21,8.25,8.23,8.3,8.15,181586.08,
2024-11-22,8.24,8.28,8.65,8.23,503420.73,
2024-11-25,8.33,8.18,8.43,7.98,327412.23,
2024-11-26,8.12,7.98,8.22,7.97,238818.04,
2024-11-27,7.93,8.15,8.15,7.77,262668.81,
2024-11-28,8.14,8.07,8.23,8.04,227806.24,
2024-11-29,8.07,8.14,8.19,8.0,208039.56,
2024-12-02,8.14,8.23,8.26,8.07,208563.71,
2024-12-03,8.19,8.21,8.23,8.12,173918.39,
2024-12-04,8.22,8.28,8.45,8.14,330782.1,
2024-12-05,8.23,8.28,8.33,8.17,183247.05,
2024-12-06,8.27,8.53,8.57,8.24,381357.61,
2024-12-09,8.48,8.46,8.6,8.37,241750.28,
2024-12-10,8.71,8.52,8.82,8.47,608509.43,
2024-12-11,8.52,8.6,8.7,8.48,323339.63,
2024-12-12,8.69,8.85,8.85,8.63,529432.19,
2024-12-13,8.78,8.6,8.79,8.57,389437.16,
2024-12-16,8.56,8.36,8.64,8.32,276369.59,
2024-12-17,8.34,8.15,8.4,8.13,223929.99,
2024-12-18,8.18,8.18,8.31,8.13,154262.99,
2024-12-19,8.09,8.27,8.27,8.03,166581.82,
2024-12-20,8.27,8.14,8.33,8.12,281190.19,
2024-12-23,8.14,7.91,8.2,7.88,244617.28,
2024-12-24,7.91,8.15,8.15,7.9,219836.77,
2024-12-25,8.14,7.93,8.16,7.89,232144.4,
2024-12-26,7.94,7.99,8.01,7.9,125702.75,
2024-12-27,8.0,8.05,8.11,7.96,182538.07,
2024-12-30,8.04,8.04,8.2,7.99,275322.46,
2024-12-31,8.06,7.81,8.08,7.79,211737.07,
2025-01-02,7.79,7.7,8.05,7.6,267470.8,
2025-01-03,7.73,7.65,7.94,7.64,309074.63,
2025-01-06,7.62,7.86,7.88,7.44,342998.52,
2025-01-07,7.81,7.9,7.99,7.71,233139.36,
2025-01-08,7.85,8.26,8.26,7.81,632377.34,
2025-01-09,8.14,8.09,8.21,8.04,341655.98,
2025-01-10,8.05,7.66,8.1,7.66,347182.73,
2025-01-13,7.51,7.52,7.59,7.45,175670.6,
2025-01-14,7.53,7.75,7.75,7.52,209672.6,
2025-01-15,7.74,7.66,7.79,7.63,162054.07,
2025-01-16,7.7,7.84,7.97,7.7,312367.19,
2025-01-17,7.79,7.77,7.93,7.74,178677.12,
2025-01-20,7.83,7.81,7.96,7.75,212592.62,
2025-01-21,7.87,7.74,7.89,7.69,172232.0,
2025-01-22,7.69,7.54,7.7,7.53,203212.01,
2025-01-23,7.61,7.54,7.69,7.54,179395.1,
2025-01-24,7.55,7.57,7.57,7.47,142869.1,
2025-01-27,7.61,7.58,7.72,7.57,177516.0,
2025-02-05,7.62,7.48,7.63,7.46,195385.29,
2025-02-06,7.47,7.57,7.57,7.29,276644.3,
2025-02-07,7.54,7.62,7.69,7.52,270722.45,
2025-02-10,7.62,7.67,7.7,7.55,211390.99,
2025-02-11,7.69,7.67,7.75,7.61,228269.02,
2025-02-12,7.62,7.61,7.69,7.55,235444.13,
2025-02-13,7.6,7.7,7.81,7.57,395937.77,
2025-02-14,7.7,7.92,8.06,7.66,536994.3,
2025-02-17,7.87,7.8,7.89,7.73,296113.94,
2025-02-18,7.76,7.58,7.77,7.57,233588.52,
2025-02-19,7.56,7.6,7.61,7.55,183218.62,
2025-02-20,7.6,7.61,7.7,7.59,143449.39,
2025-02-21,7.65,7.58,7.66,7.51,200957.57,
2025-02-24,7.56,7.61,7.64,7.52,173829.88,
2025-02-25,7.55,7.48,7.56,7.47,185382.59,
2025-02-26,7.48,7.59,7.65,7.48,188328.81,
2025-02-27,7.58,7.72,7.76,7.57,335948.39,
2025-02-28,7.73,7.84,8.0,7.68,533389.88,
2025-03-03,7.74,7.68,7.78,7.59,342204.9,
2025-03-04,7.6,7.59,7.69,7.51,258431.7,
2025-03-05,7.59,7.56,7.6,7.52,180437.6,
2025-03-06,7.56,7.62,7.63,7.51,242316.13,
2025-03-07,7.59,7.53,7.59,7.48,226814.0,
2025-03-10,7.5,7.52,7.55,7.48,120921.61,
2025-03-11,7.49,7.65,7.71,7.45,339362.5,
2025-03-12,7.65,7.56,7.69,7.56,236714.01,
2025-03-13,7.57,7.53,7.63,7.48,194346.27,
2025-03-14,7.53,7.74,7.74,7.52,435243.86,
2025-03-17,7.83,7.84,8.03,7.79,494008.04,
2025-03-18,7.88,8.02,8.17,7.75,496471.68,
2025-03-19,7.97,8.01,8.07,7.87,372914.6,
2025-03-20,8.01,7.86,8.03,7.85,248991.05,
2025-03-21,7.83,7.83,7.96,7.79,205204.99,
2025-03-24,7.85,7.94,8.01,7.81,332267.34,
2025-03-25,7.93,7.94,8.09,7.9,291633.3,
2025-03-26,7.93,8.1,8.15,7.83,437265.64,
2025-03-27,8.08,8.05,8.28,8.03,536998.31,
2025-03-28,8.05,8.14,8.19,8.02,339084.99,
2025-03-31,8.1,7.95,8.18,7.87,325219.39,
2025-04-01,7.96,7.89,7.99,7.88,232738.98,
2025-04-02,7.88,7.93,8.02,7.81,175714.63,
2025-04-03,7.74,7.5,7.75,7.47,517870.88,
2025-04-07,7.08,6.76,7.1,6.76,347743.78,
2025-04-08,6.62,6.59,6.81,6.51,345873.55,
2025-04-09,6.45,6.72,6.73,6.11,310669.66,
2025-04-10,6.98,7.21,7.37,6.95,559636.47,
2025-04-11,7.08,7.12,7.26,7.08,235697.74,
2025-04-14,7.19,7.11,7.23,7.08,184671.87,
2025-04-15,7.15,7.49,7.49,7.03,424026.91,
2025-04-16,7.47,7.4,7.49,7.34,165728.0,
2025-04-17,7.37,7.41,7.6,7.33,174176.15,
2025-04-18,7.43,7.34,7.46,7.27,173981.64,
2025-04-21,7.34,7.48,7.5,7.28,147213.23,
2025-04-22,7.57,7.48,7.61,7.47,149837.73,
2025-04-23,7.5,7.42,7.53,7.39,168117.46,
2025-04-24,7.41,7.38,7.55,7.36,152233.9,
2025-04-25,7.43,7.42,7.45,7.4,108240.59,
2025-04-28,7.39,7.33,7.44,7.24,133055.05,
2025-04-29,7.31,7.32,7.39,7.28,84063.18,
2025-04-30,7.33,7.17,7.36,7.16,195738.85,
2025-05-06,7.19,7.27,7.27,7.17,138419.08,
2025-05-07,7.34,7.36,7.44,7.31,192489.98,
2025-05-08,7.38,7.42,7.46,7.32,127052.84,
2025-05-09,7.5,7.48,7.58,7.4,177521.99,
2025-05-12,7.48,7.53,7.57,7.48,126393.92,
2025-05-13,7.61,7.48,7.61,7.46,115324.96,
2025-05-14,7.48,7.45,7.49,7.39,113085.55,
2025-05-15,7.43,7.3,7.44,7.3,111441.99,
2025-05-16,7.28,7.36,7.42,7.26,95520.9,
2025-05-19,7.36,7.53,7.6,7.34,184931.28,
2025-05-20,7.51,7.59,7.61,7.48,117052.4,
2025-05-21,7.56,7.52,7.61,7.49,89089.07,
2025-05-22,7.5,7.4,7.53,7.4,82096.13,
2025-05-23,7.4,7.28,7.44,7.28,104797.99,
2025-05-26,7.28,7.27,7.31,7.22,86285.6,
2025-05-27,7.26,7.12,7.26,7.1,138232.0,
2025-05-28,7.14,7.23,7.26,7.12,120554.56,
2025-05-29,7.22,7.25,7.29,7.19,83287.31,
2025-05-30,7.25,7.11,7.25,7.1,104152.99,
2025-06-03,7.07,7.02,7.1,6.99,150831.86,
2025-06-04,7.02,7.06,7.08,7.01,104265.22,
2025-06-05,7.14,7.07,7.14,7.05,117113.66,
2025-06-06,7.08,7.17,7.18,7.06,140797.13,
2025-06-09,7.19,7.21,7.23,7.13,174482.99,
2025-06-10,7.22,7.38,7.48,7.21,403658.9,
2025-06-11,7.33,7.27,7.34,7.21,305463.44,
2025-06-12,7.26,7.23,7.32,7.16,199501.64,
2025-06-13,7.13,7.0,7.17,6.95,276972.0,
2025-06-16,6.99,6.97,7.02,6.95,112711.34,
2025-06-17,7.0,7.01,7.04,6.97,102622.35,
2025-06-18,7.0,6.96,7.01,6.93,79208.4,
2025-06-19,6.96,6.84,6.96,6.82,124003.99,
2025-06-20,6.82,6.83,6.88,6.78,94812.97,
2025-06-23,6.75,6.83,6.85,6.72,83740.64,
2025-06-24,6.83,6.94,6.95,6.83,130486.23,
2025-06-25,6.93,6.97,6.98,6.91,122276.45,
2025-06-26,6.97,6.9,6.98,6.9,144500.44,
2025-06-27,6.9,6.93,7.0,6.9,142691.46,
2025-06-30,6.93,6.94,6.96,6.9,109525.75,
2025-07-01,6.94,6.95,6.95,6.9,100407.56,
2025-07-02,6.95,7.21,7.24,6.93,396296.61,
2025-07-03,7.17,7.13,7.28,7.1,275263.56,
2025-07-04,7.18,7.15,7.26,7.13,150005.97,
2025-07-07,7.34,7.39,7.48,7.17,461768.16,
2025-07-08,7.38,7.39,7.45,7.3,300769.97,
2025-07-09,7.37,7.27,7.39,7.25,203142.62,
2025-07-10,7.25,7.28,7.33,7.24,128964.46,
2025-07-11,7.27,7.24,7.29,7.22,187943.99,
2025-07-14,7.25,7.35,7.38,7.24,207439.51,
2025-07-15,7.35,7.27,7.35,7.25,159646.04,
2025-07-16,7.3,7.29,7.36,7.27,119534.31,
2025-07-17,7.3,7.3,7.33,7.25,174531.07,
2025-07-18,7.3,7.31,7.32,7.23,187992.3,
2025-07-21,7.3,7.5,7.51,7.28,319488.27,
2025-07-22,7.53,7.59,7.6,7.43,244128.15,
2025-07-23,7.55,7.58,7.71,7.52,216664.87,
2025-07-24,7.58,7.61,7.62,7.52,141987.2,
2025-07-25,7.61,7.63,7.72,7.59,139392.39,
2025-07-28,7.62,7.57,7.71,7.54,172016.04,
2025-07-29,7.56,7.45,7.57,7.39,161224.97,
2025-07-30,7.43,7.43,7.47,7.39,159511.07,
2025-07-31,7.42,7.26,7.44,7.26,189450.25,
2025-08-01,7.28,7.3,7.34,7.27,94430.3,
2025-08-04,7.28,7.26,7.3,7.22,138048.52,
2025-08-05,7.27,7.28,7.3,7.24,125393.46,
2025-08-06,7.28,7.33,7.35,7.25,134775.47,
2025-08-07,7.33,7.27,7.34,7.25,122569.91,
2025-08-08,7.26,7.27,7.3,7.24,85770.96,
2025-08-11,7.29,7.32,7.33,7.26,136437.61,
2025-08-12,7.32,7.29,7.37,7.27,172254.7,
2025-08-13,7.32,7.3,7.33,7.26,136899.69,
2025-08-14,7.3,7.21,7.34,7.19,163217.11,
2025-08-15,7.22,7.32,7.34,7.19,162672.42,
2025-08-18,7.33,7.38,7.4,7.32,184197.71,
2025-08-19,7.38,7.63,7.7,7.37,389339.8,
2025-08-20,7.69,7.67,7.7,7.6,262463.83,
2025-08-21,7.6,8.13,8.18,7.55,694458.42,
2025-08-22,8.05,7.9,8.1,7.85,386067.46,
2025-08-25,7.92,7.97,8.03,7.84,346754.71,
2025-08-26,7.95,7.92,8.01,7.9,216937.41,
2025-08-27,7.91,7.66,7.93,7.65,285888.98,222928.392
2025-08-28,7.63,7.66,7.7,7.46,205096.09,156038.265
2025-08-29,7.66,7.68,7.93,7.62,459952.04,357056.961
2025-09-01,7.7,7.56,7.73,7.52,208408.43,158065.882
2025-09-02,7.56,7.47,7.58,7.39,160211.81,119541.321
2025-09-03,7.49,7.33,7.52,7.32,157784.8,116696.226
2025-09-04,7.32,7.41,7.48,7.3,241653.76,179140.061
2025-09-05,7.42,7.48,7.48,7.35,151498.49,112769.023
2025-09-08,7.49,7.58,7.59,7.43,146080.04,110234.893
2025-09-09,7.56,7.56,7.59,7.49,109385.52,82449.421
2025-09-10,7.56,7.46,7.58,7.43,101137.85,75602.87
2025-09-11,7.5,7.53,7.53,7.4,103086.5,77029.262
2025-09-12,7.5,7.38,7.52,7.37,199368.78,148046.096
2025-09-15,7.4,7.38,7.42,7.33,120890.03,88986.861
2025-09-16,7.37,7.49,7.5,7.34,141083.18,104835.39
2025-09-17,7.49,7.59,7.6,7.43,203501.07,153393.592
2025-09-18,7.58,7.48,7.62,7.41,163234.3,123064.577
2025-09-19,7.43,7.4,7.47,7.36,126649.01,93692.779
2025-09-22,7.39,7.18,7.4,7.13,214331.17,154729.132
2025-09-23,7.19,7.14,7.19,7.03,154938.32,109713.057
2025-09-24,7.12,7.21,7.22,7.07,118412.99,84937.005
2025-09-25,7.2,7.12,7.21,7.08,127399.8,90957.693
2025-09-26,7.1,7.1,7.13,7.07,152878.83,108465.929
2025-09-29,7.1,7.15,7.16,7.01,110662.59,78651.813
2025-09-30,7.18,7.13,7.18,7.1,74717.77,53234.648
2025-10-09,7.14,7.16,7.16,7.07,126026.92,89802.958
2025-10-10,7.16,7.21,7.27,7.13,159042.74,114559.933
2025-10-13,7.08,7.12,7.13,6.95,161328.76,113942.195
2025-10-14,7.14,7.13,7.18,7.11,122961.73,87922.65
2025-10-15,7.12,7.2,7.21,7.12,86478.02,62083.466
2025-10-16,7.2,7.12,7.21,7.1,90344.64,64487.79
2025-10-17,7.12,7.04,7.14,7.01,103480.99,73379.518
2025-10-20,7.08,7.04,7.12,6.98,113208.28,79804.379
2025-10-21,7.04,7.13,7.13,7.03,107632.54,76416.955
2025-10-22,7.1,7.18,7.19,7.09,113459.82,81262.094
2025-10-23,7.0,6.98,7.0,6.88,319580.52,221609.73
2025-10-24,6.98,6.95,6.99,6.94,120383.47,83792.157
2025-10-27,6.96,6.93,6.98,6.9,151554.65,104941.644
2025-10-28,6.92,6.94,6.96,6.89,112380.32,77890.3
2025-10-29,6.93,6.94,6.94,6.89,92142.48,63724.261
